50 50
20 20 20 20 20 19 19 18 17 16 16 15 15 14 13 13 12 12 12 12 11 11 11 11 10 10 9 9 9 8 8 8 8 7 7 7 7 7 7 7 7 7 6 6 6 5 5 5 4 4
20 20 20 20 20 19 19 18 17 16 16 15 15 14 13 13 12 12 12 12 11 11 11 11 10 10 9 9 9 8 8 8 8 7 7 7 7 7 7 7 7 6 6 6 6 5 5 5 4 4
20 20 20 20 20 19 19 18 17 16 16 15 15 14 13 13 12 12 12 12 11 11 11 11 10 10 9 9 9 8 8 8 8 7 7 7 7 7 7 7 7 6 6 6 6 5 5 5 4 4
20 20 20 20 20 19 19 18 17 17 16 15 15 14 13 13 13 12 12 12 12 11 11 11 10 10 9 9 9 8 8 8 8 7 7 7 7 7 7 7 7 6 6 6 6 5 5 5 4 4
20 20 20 20 20 19 19 18 17 17 16 15 15 14 14 13 13 12 12 12 12 11 11 11 10 10 9 9 9 8 8 8 8 7 7 7 7 7 7 7 7 6 6 6 6 5 5 5 5 4
20 20 20 20 20 19 19 18 17 17 16 16 15 14 14 13 13 13 12 12 12 11 11 11 10 10 10 9 9 8 8 8 8 7 7 7 7 7 7 7 7 6 6 6 6 5 5 5 5 4
20 20 20 20 20 19 19 18 18 17 16 16 15 15 14 14 13 13 12 12 12 12 11 11 10 10 10 9 9 8 8 8 8 7 7 7 7 7 7 7 6 6 6 6 6 6 5 5 5 5
20 20 20 20 20 19 19 18 18 17 17 16 15 15 14 14 13 13 13 12 12 12 11 11 11 10 10 9 9 8 8 8 8 7 7 7 7 7 7 7 6 6 6 6 6 6 5 5 5 5
20 20 20 20 20 19 19 18 18 17 17 16 16 15 15 14 14 13 13 12 12 12 11 11 11 10 10 9 9 9 8 8 8 7 7 7 7 7 7 6 6 6 6 6 6 6 6 5 5 5
20 20 20 20 20 19 19 18 18 17 17 16 16 15 15 14 14 13 13 13 12 12 12 11 11 10 10 10 9 9 8 8 8 7 7 7 7 7 7 6 6 6 6 6 6 6 6 5 5 5
20 20 20 20 20 19 19 19 18 18 17 17 16 15 15 14 14 14 13 13 13 12 12 11 11 11 10 10 9 9 8 8 8 7 7 7 7 7 7 7 6 6 6 6 6 6 6 6 5 5
20 20 20 20 19 19 19 19 18 18 17 17 16 16 15 15 14 14 13 13 13 12 12 12 11 11 10 10 9 9 9 8 8 8 7 7 7 7 7 7 6 6 6 6 6 6 6 6 6 5
20 20 20 20 19 19 19 18 18 18 17 17 16 16 15 15 14 14 14 13 13 13 12 12 11 11 11 10 10 9 9 8 8 8 7 7 7 7 7 7 7 6 6 6 6 6 6 6 6 5
20 20 20 20 19 19 19 18 18 18 17 17 16 16 15 15 14 14 14 13 13 13 12 12 12 11 11 10 10 9 9 9 8 8 8 7 7 7 7 7 7 7 6 6 6 6 6 6 6 5
20 20 20 19 19 19 19 18 18 18 17 17 16 16 15 15 15 14 14 14 13 13 13 12 12 11 11 10 10 10 9 9 8 8 8 8 7 7 7 7 7 7 7 6 6 6 6 6 6 6
19 19 19 19 19 19 19 18 18 18 17 17 16 16 15 15 15 14 14 14 13 13 13 12 12 12 11 11 10 10 9 9 9 8 8 8 8 7 7 7 7 7 7 7 6 6 6 6 6 6
19 19 19 19 19 19 18 18 18 17 17 17 16 16 15 15 15 14 14 14 14 13 13 13 12 12 11 11 10 10 10 9 9 9 8 8 8 8 7 7 7 7 7 7 7 6 6 6 6 6
19 19 19 19 19 18 18 18 18 17 17 17 16 16 15 15 15 14 14 14 14 13 13 13 12 12 11 11 11 10 10 9 9 9 8 8 8 8 8 7 7 7 7 7 7 6 6 6 6 6
18 18 18 18 18 18 18 18 17 17 17 17 16 16 15 15 15 14 14 14 14 14 13 13 12 12 12 11 11 10 10 10 9 9 9 8 8 8 8 8 8 7 7 7 7 6 6 6 6 6
18 18 18 18 18 18 18 17 17 17 17 16 16 16 15 15 15 14 14 14 14 14 13 13 13 12 12 11 11 11 10 10 10 9 9 9 9 8 8 8 8 8 7 7 7 7 6 6 6 6
18 18 17 17 17 17 17 17 17 17 17 16 16 16 15 15 15 14 14 14 14 14 13 13 13 12 12 11 11 11 10 10 10 9 9 9 9 9 8 8 8 8 7 7 7 7 6 6 6 6
17 17 17 17 17 17 17 17 17 17 16 16 16 16 15 15 15 14 14 14 14 14 13 13 13 12 12 12 11 11 11 10 10 10 9 9 9 9 9 8 8 8 8 7 7 7 6 6 6 6
17 17 17 17 17 17 17 17 17 16 16 16 16 15 15 15 15 14 14 14 14 14 13 13 13 12 12 12 11 11 11 10 10 10 10 9 9 9 9 9 8 8 8 7 7 7 6 6 6 6
17 17 17 17 17 17 17 17 17 16 16 16 16 15 15 15 15 14 14 14 14 14 14 13 13 13 12 12 11 11 11 10 10 10 10 10 9 9 9 9 9 8 8 8 7 7 7 6 6 6
17 17 17 17 17 17 17 17 16 16 16 16 16 15 15 15 15 14 14 14 14 14 14 13 13 13 12 12 11 11 11 11 10 10 10 10 10 9 9 9 9 8 8 8 7 7 7 6 6 6
16 16 16 16 16 16 16 16 16 16 16 16 16 15 15 15 15 14 14 14 14 14 14 13 13 13 12 12 12 11 11 11 10 10 10 10 10 10 9 9 9 9 8 8 8 7 7 6 6 6
16 16 16 16 16 16 16 16 16 16 16 16 16 15 15 15 15 14 14 14 14 14 14 13 13 13 12 12 12 11 11 11 11 10 10 10 10 10 9 9 9 9 8 8 8 7 7 7 6 6
16 16 16 16 16 16 16 16 16 16 16 16 16 15 15 15 14 14 14 14 14 14 14 13 13 13 12 12 12 11 11 11 11 11 10 10 10 10 10 9 9 9 9 8 8 7 7 7 7 6
16 16 16 16 16 16 16 16 16 16 16 16 15 15 15 15 14 14 14 14 14 14 14 13 13 13 12 12 12 11 11 11 11 11 10 10 10 10 10 10 9 9 9 8 8 8 7 7 7 6
17 17 17 17 17 17 16 16 16 16 16 16 15 15 15 15 14 14 14 14 14 14 13 13 13 13 12 12 12 11 11 11 11 11 10 10 10 10 10 10 9 9 9 9 8 8 7 7 7 7
17 17 17 17 17 17 17 16 16 16 16 16 15 15 15 15 14 14 14 14 14 14 13 13 13 12 12 12 12 11 11 11 11 11 11 10 10 10 10 10 10 9 9 9 8 8 8 7 7 7
17 17 17 17 17 17 17 16 16 16 16 16 15 15 15 15 14 14 14 14 14 13 13 13 12 12 12 12 11 11 11 11 11 11 11 10 10 10 10 10 10 9 9 9 8 8 8 7 7 7
17 17 17 17 17 17 17 16 16 16 16 16 15 15 15 15 14 14 14 14 13 13 13 13 12 12 12 11 11 11 11 11 11 11 11 10 10 10 10 10 10 9 9 9 9 8 8 8 7 7
17 17 17 17 17 17 17 16 16 16 16 16 15 15 15 15 14 14 14 13 13 13 13 12 12 12 11 11 11 11 11 11 11 11 11 10 10 10 10 10 10 10 9 9 9 8 8 8 7 7
17 17 17 17 17 17 17 16 16 16 16 15 15 15 15 15 14 14 14 13 13 13 12 12 12 11 11 11 11 11 11 11 11 11 10 10 10 10 10 10 10 10 9 9 9 8 8 8 8 7
17 17 17 17 17 17 16 16 16 16 15 15 15 15 15 14 14 14 13 13 13 12 12 12 12 11 11 11 11 11 10 10 10 10 10 10 10 10 10 10 10 10 9 9 9 9 8 8 8 7
17 17 17 17 17 16 16 16 16 15 15 15 15 15 14 14 14 14 13 13 13 12 12 12 11 11 11 11 11 10 10 10 10 10 10 10 10 10 10 10 10 10 10 9 9 9 8 8 8 8
16 16 16 16 16 16 16 16 15 15 15 15 15 14 14 14 14 13 13 13 13 12 12 12 11 11 11 11 10 10 10 10 10 10 10 10 10 10 10 10 10 10 10 9 9 9 8 8 8 8
16 16 16 16 16 16 15 15 15 15 15 14 14 14 14 14 14 13 13 13 12 12 12 12 11 11 11 11 10 10 10 10 10 10 10 10 10 10 10 10 10 10 10 9 9 9 8 8 8 8
16 16 16 16 15 15 15 15 15 14 14 14 14 14 14 14 13 13 13 13 12 12 12 11 11 11 11 11 10 10 10 10 10 10 10 10 10 10 10 10 10 10 10 9 9 9 9 8 8 8
15 15 15 15 15 15 15 14 14 14 14 14 14 14 14 13 13 13 13 13 12 12 12 11 11 11 11 11 10 10 10 10 10 10 10 10 10 10 10 10 10 10 10 10 9 9 9 8 8 8
15 15 15 15 15 14 14 14 14 14 14 14 13 13 13 13 13 13 13 12 12 12 12 11 11 11 11 11 10 10 10 10 10 10 10 10 10 10 10 10 10 10 10 10 9 9 9 9 8 8
14 14 14 14 14 14 14 14 14 13 13 13 13 13 13 13 13 13 13 12 12 12 12 12 11 11 11 11 11 10 10 10 10 10 10 10 10 10 10 10 10 10 10 10 9 9 9 9 9 8
14 14 14 14 14 14 14 13 13 13 13 13 13 13 13 13 13 13 13 12 12 12 12 12 11 11 11 11 11 10 10 10 10 10 10 10 10 10 10 10 10 10 10 10 10 9 9 9 9 9
14 14 14 14 13 13 13 13 13 13 13 13 13 13 13 13 13 13 12 12 12 12 12 12 12 11 11 11 11 11 10 10 10 10 10 10 10 10 10 10 10 10 10 10 10 10 10 9 9 9
13 13 13 13 13 13 13 13 13 13 13 13 13 13 12 12 12 12 12 12 12 12 12 12 12 12 11 11 11 11 10 10 10 10 10 10 10 10 10 10 10 10 10 10 10 10 10 10 10 9
13 13 13 13 13 13 13 13 13 12 12 12 12 12 12 12 12 12 12 12 12 12 12 12 12 12 12 11 11 11 11 10 10 10 10 10 10 10 10 10 10 10 10 10 10 10 10 10 10 10
13 13 13 13 13 13 13 12 12 12 12 12 12 12 12 12 12 12 12 12 12 12 12 12 12 12 12 11 11 11 11 10 10 10 10 10 10 9 9 9 10 10 10 10 10 10 10 10 10 10
13 13 13 13 13 13 12 12 12 12 12 12 12 12 12 12 12 12 12 12 12 12 12 12 12 12 12 11 11 11 11 10 10 10 10 10 9 9 9 9 10 10 10 10 10 10 10 10 10 10
13 13 13 13 12 12 12 12 12 12 12 12 12 12 12 12 12 12 12 12 12 12 12 12 12 12 12 12 11 11 11 10 10 10 10 10 9 9 9 9 10 10 10 10 10 10 10 10 10 10
