100 100
1487 1486 1483 1475 1463 1446 1425 1401 1377 1352 1328 1306 1285 1263 1241 1219 1196 1174 1151 1129 1109 1089 1070 1052 1035 1018 1001 986 972 961 951 942 933 924 914 902 888 873 858 843 828 813 797 781 766 751 737 725 714 704 695 686 677 667 658 648 640 631 625 619 615 613 612 611 611 613 616 621 627 632 637 640 641 640 636 630 625 617 608 595 581 565 549 534 521 510 502 496 491 487 484 482 481 482 483 485 487 488 489 490
1486 1486 1483 1475 1462 1445 1424 1401 1376 1352 1328 1306 1285 1263 1241 1219 1196 1173 1151 1129 1108 1088 1069 1052 1034 1017 1001 985 972 960 950 942 933 924 914 902 888 873 858 843 828 813 797 781 765 751 737 724 713 704 694 686 676 667 658 648 639 631 625 619 616 613 612 611 611 613 616 621 627 632 637 640 641 639 636 630 625 617 608 595 581 565 549 534 521 510 502 496 491 487 483 482 481 481 483 485 486 488 489 490
1483 1483 1479 1472 1460 1443 1423 1400 1375 1351 1328 1306 1284 1263 1241 1219 1196 1173 1150 1128 1107 1087 1068 1050 1032 1015 999 983 970 959 949 941 932 923 913 901 888 873 858 843 827 812 796 779 763 748 734 722 711 701 692 683 674 665 655 647 638 631 625 620 616 614 613 612 612 614 617 622 627 633 637 640 641 639 635 630 624 617 607 595 581 565 549 534 521 510 501 495 490 486 483 481 480 480 481 483 485 486 487 488
1476 1475 1472 1465 1454 1438 1418 1396 1373 1350 1327 1305 1284 1263 1241 1219 1195 1172 1149 1126 1104 1083 1063 1045 1028 1011 994 979 966 955 946 938 930 922 912 900 887 872 857 842 826 810 793 776 759 743 729 715 704 694 685 676 667 659 650 643 636 629 624 620 617 616 615 614 614 616 619 623 628 634 638 640 641 639 635 630 624 617 607 595 580 564 548 533 520 509 500 494 489 484 481 478 477 477 478 479 481 482 483 483
1464 1463 1461 1454 1444 1429 1411 1391 1369 1347 1325 1304 1283 1262 1241 1218 1194 1170 1146 1122 1099 1077 1057 1038 1021 1004 987 972 960 949 941 934 927 919 910 899 885 870 855 840 823 806 788 770 752 735 719 705 693 683 674 666 657 650 643 636 631 627 624 621 619 618 618 617 617 619 622 626 630 635 638 641 641 638 634 629 623 616 606 593 579 563 547 531 518 506 498 491 486 481 477 475 473 472 473 473 474 475 475 476
1447 1447 1445 1439 1430 1417 1401 1383 1363 1342 1322 1301 1281 1261 1240 1217 1192 1167 1142 1116 1092 1069 1048 1029 1011 994 978 964 951 942 935 928 923 916 908 897 883 868 853 837 820 801 782 762 742 724 707 692 679 669 660 652 644 637 632 628 625 623 623 622 622 621 621 621 621 623 625 629 633 636 639 641 640 637 633 628 622 615 605 592 577 561 544 529 515 503 494 488 482 477 473 469 467 465 465 465 465 465 465 465
1427 1427 1425 1421 1413 1402 1388 1372 1355 1336 1317 1298 1279 1259 1238 1215 1190 1164 1137 1110 1084 1060 1038 1018 1000 984 968 953 942 933 927 922 918 912 904 894 881 865 849 833 815 796 774 753 731 711 692 676 663 652 644 635 628 623 619 618 618 619 621 622 624 625 625 625 625 627 629 632 635 638 640 640 639 636 632 626 620 613 603 590 575 558 541 525 511 499 490 483 477 471 466 462 459 457 455 454 453 453 453 453
1405 1405 1403 1400 1393 1385 1373 1360 1345 1328 1311 1293 1274 1255 1235 1212 1186 1159 1131 1103 1076 1050 1027 1007 989 973 957 943 932 925 919 916 912 908 901 891 878 862 845 828 810 789 766 742 718 696 676 659 645 635 626 618 611 607 606 607 609 614 618 622 625 627 628 628 629 630 632 635 637 639 640 640 638 635 630 624 618 611 601 588 572 555 538 521 507 494 485 477 471 465 459 454 450 446 444 442 440 439 439 439
1381 1381 1380 1377 1373 1366 1357 1346 1333 1318 1303 1286 1269 1251 1231 1208 1182 1154 1125 1096 1067 1041 1017 996 978 962 947 933 923 916 912 910 907 903 897 887 874 858 841 823 804 781 757 731 706 682 660 642 628 617 608 600 594 591 592 595 601 607 615 621 626 629 630 631 632 633 635 637 639 640 640 639 637 633 628 622 616 609 598 585 569 552 534 517 502 489 479 470 463 457 451 445 440 435 431 428 426 425 424 423
1358 1358 1357 1355 1351 1346 1339 1330 1320 1307 1293 1278 1262 1244 1225 1203 1177 1149 1119 1089 1060 1032 1008 987 969 953 938 925 915 909 906 904 903 899 893 884 870 854 836 818 797 774 748 720 693 668 645 627 612 601 592 584 579 577 579 584 592 601 610 619 625 629 631 632 634 635 637 638 640 640 640 638 635 631 626 620 614 606 596 582 566 548 530 512 496 483 472 463 456 448 441 435 429 423 419 415 412 410 409 408
1335 1335 1334 1333 1331 1327 1321 1314 1305 1294 1282 1268 1253 1236 1218 1197 1171 1143 1113 1083 1053 1026 1001 980 962 947 931 919 909 904 901 900 899 896 890 880 866 849 831 812 790 766 739 710 682 656 632 613 598 587 578 571 566 564 567 574 583 594 605 615 622 627 630 632 633 635 637 638 640 640 639 637 634 629 624 618 612 604 593 579 562 544 525 507 491 477 465 455 447 439 432 424 417 411 406 401 398 395 394 393
1314 1314 1313 1312 1310 1307 1303 1297 1289 1280 1269 1256 1242 1227 1210 1189 1165 1137 1107 1077 1048 1020 996 975 958 942 927 915 906 900 898 897 896 893 887 877 862 845 826 806 784 758 730 701 672 645 621 602 587 576 567 560 555 554 557 565 575 587 599 610 618 624 627 629 631 634 636 637 638 638 637 635 632 627 621 615 609 601 590 575 559 540 521 502 485 470 458 447 438 430 421 413 406 399 393 388 384 382 380 379
1293 1293 1293 1292 1291 1288 1285 1280 1273 1265 1255 1243 1230 1216 1200 1181 1157 1131 1102 1072 1043 1016 992 972 954 939 924 912 903 898 896 895 893 890 884 873 858 840 820 800 777 751 723 693 664 636 612 593 578 566 558 551 546 545 549 557 567 580 592 604 613 619 623 625 628 631 633 635 636 636 635 633 630 625 619 613 606 598 587 572 555 535 516 496 479 463 450 439 429 420 411 402 394 387 380 375 371 368 367 366
1273 1273 1273 1272 1271 1269 1266 1261 1256 1248 1239 1229 1217 1204 1190 1171 1149 1123 1096 1067 1038 1012 989 969 952 937 922 910 902 896 894 893 891 888 881 869 854 835 815 794 770 744 715 685 656 628 604 584 569 558 550 543 538 538 541 549 560 573 586 597 607 614 618 621 624 627 630 632 633 634 633 631 627 622 616 610 603 595 583 568 551 531 511 491 472 456 442 431 420 410 400 391 383 375 368 362 358 355 354 353
1252 1252 1252 1252 1251 1249 1247 1243 1238 1232 1224 1215 1205 1193 1179 1162 1141 1117 1090 1062 1034 1009 986 966 949 935 921 909 900 895 892 891 889 885 877 865 849 829 809 787 763 736 707 677 647 620 596 576 561 550 542 535 530 530 534 541 552 565 578 590 600 607 612 615 619 622 625 628 629 630 629 627 624 619 612 606 599 590 579 564 546 526 505 485 466 449 435 423 411 401 390 381 372 363 356 351 346 343 342 341
1232 1232 1232 1232 1232 1231 1229 1226 1223 1218 1211 1203 1194 1183 1171 1155 1135 1111 1085 1058 1031 1006 984 965 949 934 920 909 900 895 891 889 886 881 872 860 843 823 801 780 755 728 699 668 639 612 588 568 553 543 535 527 523 522 526 533 544 556 569 580 590 598 602 606 610 614 618 620 622 623 623 621 617 612 605 599 592 583 571 557 539 520 499 479 461 444 429 416 404 393 382 372 362 354 347 341 337 334 332 331
1212 1213 1213 1213 1213 1213 1213 1211 1209 1205 1200 1193 1185 1176 1164 1149 1130 1108 1083 1057 1031 1006 984 966 950 936 922 911 902 895 891 887 883 876 867 853 835 814 793 771 746 719 689 659 630 603 580 561 546 535 527 520 516 515 518 524 534 545 557 568 578 585 590 595 599 603 607 610 612 613 612 610 606 601 595 588 581 572 561 547 531 513 494 475 456 439 424 411 398 386 375 365 355 347 340 334 330 327 326 325
1194 1194 1194 1195 1196 1197 1198 1198 1197 1195 1191 1186 1178 1170 1160 1146 1128 1107 1082 1057 1031 1008 986 968 953 939 926 914 905 897 891 886 880 871 860 845 826 805 783 761 736 709 680 650 622 595 572 553 539 529 521 514 509 507 509 515 523 533 544 554 563 570 575 580 584 589 593 596 598 599 599 597 593 588 581 574 567 558 548 536 521 505 488 470 453 437 422 408 394 382 370 360 350 342 336 330 327 324 323 322
1176 1176 1177 1178 1180 1183 1185 1187 1187 1187 1184 1180 1174 1166 1157 1144 1127 1106 1083 1058 1033 1010 989 971 956 943 930 918 908 900 892 885 876 865 852 836 816 795 773 750 726 699 670 641 613 587 565 547 533 523 515 508 503 501 502 506 512 520 529 538 546 553 559 563 568 573 577 580 583 584 583 581 577 572 565 558 551 543 533 523 510 496 482 466 451 435 420 406 392 379 367 356 347 339 333 329 325 323 322 322
1159 1159 1160 1162 1165 1169 1173 1176 1178 1179 1178 1175 1170 1163 1155 1142 1126 1106 1084 1060 1036 1013 993 975 960 947 935 923 912 902 893 883 872 859 844 827 807 785 763 740 715 689 661 633 605 580 559 541 527 517 510 503 498 495 494 497 502 508 515 523 530 536 541 546 551 556 560 564 566 567 567 565 561 555 548 541 534 526 518 509 499 488 476 462 449 434 419 405 390 377 365 354 345 338 333 328 326 324 323 323
1143 1143 1144 1147 1151 1156 1161 1166 1170 1172 1172 1169 1165 1159 1152 1140 1125 1106 1084 1060 1037 1015 995 978 964 951 939 927 915 904 893 881 868 853 837 818 797 775 753 730 706 680 653 625 599 574 553 536 523 513 506 499 493 490 488 489 492 497 502 509 515 520 526 531 535 540 544 548 550 552 551 549 545 539 532 525 517 510 503 496 488 479 470 459 447 433 419 404 389 375 363 353 344 337 332 329 327 325 325 325
1127 1127 1129 1132 1136 1142 1149 1155 1160 1163 1164 1163 1159 1154 1147 1136 1121 1103 1082 1059 1036 1014 995 979 965 953 941 929 917 905 892 879 864 847 829 809 788 766 744 722 698 672 646 619 593 569 549 532 519 510 502 496 490 486 483 483 485 487 492 497 502 507 512 517 522 527 531 534 537 538 537 535 531 525 518 510 502 496 489 484 478 471 464 455 444 432 418 403 388 374 361 351 343 336 332 329 327 326 326 326
1111 1112 1113 1117 1122 1128 1136 1143 1149 1153 1155 1154 1151 1146 1140 1130 1116 1098 1077 1055 1032 1011 993 977 963 952 940 929 917 904 890 875 859 842 823 802 781 759 737 715 691 666 640 614 589 566 546 530 517 508 500 493 487 483 480 478 479 481 484 488 492 497 502 507 512 516 521 524 526 527 526 524 519 513 506 498 491 484 478 474 469 464 459 451 442 430 416 401 385 371 359 348 340 334 330 328 327 326 326 326
1096 1096 1098 1101 1106 1114 1121 1129 1136 1141 1143 1143 1140 1136 1130 1120 1107 1089 1069 1048 1026 1005 987 972 959 948 937 926 913 900 886 871 854 836 817 796 775 753 732 710 687 662 636 610 586 563 544 528 515 506 499 492 486 481 478 476 475 476 479 482 486 491 496 500 505 510 514 517 519 520 519 516 512 505 498 490 482 475 470 466 462 458 453 447 438 427 413 397 382 368 355 345 337 331 328 325 324 324 324 324
1080 1080 1081 1085 1091 1098 1106 1114 1121 1127 1129 1129 1127 1123 1117 1108 1095 1078 1059 1038 1016 997 979 964 952 941 931 920 908 895 881 866 849 831 812 792 771 749 728 706 683 659 634 608 584 561 542 526 514 505 498 491 485 480 477 474 474 475 477 480 483 488 493 497 502 506 510 513 515 516 515 512 507 500 493 484 476 469 464 460 457 453 449 442 434 422 408 393 377 363 351 340 333 327 323 321 320 320 320 320
1063 1064 1065 1069 1074 1082 1090 1098 1105 1111 1114 1114 1112 1108 1103 1094 1082 1065 1046 1026 1005 986 969 954 943 933 923 912 901 889 875 860 844 826 808 788 767 746 725 704 681 657 632 607 582 560 541 525 513 504 497 491 485 480 476 474 473 474 476 479 483 487 492 497 501 505 509 512 514 514 512 509 504 497 490 481 473 466 460 456 452 448 444 437 429 417 403 388 372 358 345 335 327 322 318 316 315 314 314 314
1046 1047 1048 1052 1057 1065 1073 1081 1089 1094 1097 1098 1096 1093 1088 1080 1067 1052 1033 1013 993 975 958 944 933 924 915 905 894 882 869 855 839 822 803 784 764 743 723 702 679 655 630 605 581 559 540 525 513 504 497 490 484 480 476 474 473 474 476 479 483 487 492 496 501 505 508 511 512 513 511 507 502 495 487 478 469 462 456 452 448 444 439 433 424 412 398 383 367 352 340 330 322 316 312 310 309 309 309 309
1027 1027 1029 1032 1038 1046 1055 1063 1071 1077 1081 1082 1080 1077 1073 1065 1054 1039 1021 1002 983 965 950 937 926 917 908 899 889 877 865 851 836 819 801 782 762 742 722 701 679 655 630 605 581 559 540 524 512 503 496 490 484 480 477 475 475 476 478 481 485 489 494 498 502 506 509 512 513 512 510 506 500 493 484 475 467 459 453 448 444 440 435 428 419 408 394 378 362 348 335 325 317 311 307 304 303 302 302 302
1004 1004 1006 1010 1016 1025 1034 1044 1053 1060 1064 1065 1064 1062 1058 1051 1040 1026 1010 993 975 958 944 932 922 913 905 896 887 876 864 851 836 820 802 784 764 744 724 704 681 657 632 607 582 560 540 524 512 503 497 490 485 481 478 477 477 479 482 486 490 494 498 503 507 510 513 514 514 513 510 506 499 491 483 473 464 456 450 445 441 437 432 425 416 404 390 374 359 344 331 320 312 305 300 297 295 294 294 293
977 978 980 984 992 1001 1012 1023 1033 1041 1047 1049 1048 1046 1043 1036 1027 1015 1001 985 969 954 941 930 921 913 905 897 888 878 866 853 839 823 806 788 769 749 730 709 687 663 637 610 585 562 542 525 513 504 497 491 486 482 480 480 482 485 488 493 497 502 506 510 514 516 518 519 518 516 512 506 499 490 481 471 462 454 448 443 438 434 429 422 413 401 387 372 356 341 328 317 307 300 294 289 287 285 284 284
948 949 951 956 965 976 988 1001 1013 1023 1029 1032 1032 1031 1028 1023 1015 1005 993 979 966 953 941 931 923 916 908 901 892 882 871 859 846 830 814 796 777 758 738 718 695 670 643 616 590 565 544 527 514 505 499 493 488 485 484 485 488 492 497 503 508 512 517 520 523 525 526 525 523 519 514 507 498 489 480 470 460 452 446 440 436 432 427 420 411 399 385 370 354 339 326 313 303 294 287 281 277 274 273 272
918 919 921 928 937 950 964 979 993 1005 1012 1016 1017 1016 1014 1010 1004 996 986 976 965 954 944 935 928 921 914 907 899 890 879 868 854 840 824 806 787 768 749 729 706 680 652 623 596 570 548 530 517 508 501 495 491 489 489 491 496 501 508 514 520 525 529 532 534 535 535 533 529 523 516 508 498 488 478 468 458 450 443 438 434 430 425 418 410 398 384 368 353 338 324 311 299 289 280 273 267 264 262 261
889 889 892 899 910 924 941 958 974 987 996 1002 1003 1003 1001 999 994 989 981 973 965 956 948 941 934 928 921 914 907 898 888 877 865 850 835 817 799 780 761 741 717 691 662 632 603 575 552 534 520 511 504 498 494 493 494 498 504 511 519 527 533 538 541 544 545 546 544 540 534 527 518 508 498 487 476 466 456 448 441 436 432 428 423 417 408 396 382 367 351 336 322 308 295 283 273 264 258 253 251 250
861 862 865 873 885 901 919 938 956 971 982 988 990 990 990 988 986 982 977 972 965 959 953 946 940 935 929 922 915 907 898 887 875 861 846 829 811 792 773 753 729 702 672 641 610 582 557 538 524 514 508 502 499 498 500 505 513 522 531 539 546 551 553 555 556 555 552 547 539 530 519 508 496 485 474 463 453 445 438 433 429 425 420 414 406 394 381 365 350 335 320 305 291 278 267 257 249 244 241 239
837 838 842 850 862 879 899 920 939 956 968 975 978 979 980 979 978 976 974 970 966 961 957 952 946 941 935 929 923 915 906 896 885 871 856 840 822 804 785 764 740 713 682 649 617 588 563 543 528 519 512 507 504 503 507 513 521 531 541 550 557 562 564 565 565 563 558 551 542 531 519 506 494 482 471 460 450 441 434 429 425 421 417 411 403 392 378 363 347 332 317 302 288 274 261 250 242 236 232 230
818 818 822 830 844 862 883 904 925 943 956 964 968 970 971 972 972 972 970 969 966 963 959 955 951 946 940 935 929 922 913 904 892 880 865 849 831 813 794 774 750 722 690 657 624 594 568 548 533 524 517 512 509 509 513 520 529 540 550 559 566 570 571 572 570 567 562 553 543 530 517 504 490 478 466 455 445 436 430 424 421 417 413 407 399 388 375 360 344 330 314 299 284 269 256 245 235 229 225 224
802 803 806 815 829 847 869 891 913 932 946 954 959 961 963 965 966 967 967 967 965 963 961 957 953 948 944 938 933 926 918 909 898 886 871 855 838 820 802 782 757 729 697 664 631 600 574 553 539 529 523 518 515 515 519 526 536 547 557 566 572 576 576 575 573 569 562 553 541 528 514 500 486 473 461 450 440 431 424 419 415 412 407 402 394 383 370 355 341 326 311 296 280 265 252 240 231 224 220 219
790 790 794 803 817 836 857 880 903 922 936 946 951 954 957 960 962 963 964 965 964 963 960 957 954 950 945 940 935 929 921 912 902 890 876 860 843 825 807 787 763 735 703 670 636 606 580 559 544 535 528 523 521 521 525 532 542 552 562 571 576 579 578 577 573 568 560 550 538 524 509 494 480 467 455 444 434 425 418 413 409 406 402 396 388 378 365 351 336 322 307 292 277 262 248 237 228 221 217 215
779 780 784 793 807 825 847 871 893 913 928 938 944 948 951 955 957 960 961 962 962 961 960 957 954 950 946 941 936 930 923 915 905 893 879 864 847 830 812 792 768 740 708 675 642 611 585 564 550 540 534 529 526 527 531 538 547 557 567 574 579 581 579 577 573 566 558 547 533 519 504 489 475 461 449 438 428 419 412 407 403 400 396 390 383 373 360 346 332 318 303 288 273 259 246 234 225 218 215 213
771 772 776 784 798 817 839 862 884 904 920 930 937 941 946 950 953 956 958 959 960 959 958 955 952 949 945 941 936 931 924 915 905 894 880 865 849 831 814 794 771 743 712 679 646 616 591 570 556 547 541 536 533 534 537 544 552 562 570 577 581 582 579 576 571 564 554 542 529 514 499 483 469 456 444 433 422 413 406 401 397 394 390 385 378 368 356 342 328 314 300 285 270 256 243 232 223 217 213 211
767 767 771 779 793 811 832 855 877 896 912 923 930 935 940 944 948 951 953 955 955 954 953 951 948 945 942 938 933 927 920 912 902 890 877 862 846 829 811 792 769 743 713 681 650 622 597 578 564 555 549 545 542 542 545 551 558 566 573 578 581 580 577 573 567 559 549 537 523 508 493 478 464 451 439 428 417 408 401 396 392 389 385 380 373 363 351 337 324 310 296 282 268 254 241 230 222 215 212 210
766 767 770 778 791 808 828 849 870 888 904 915 922 928 933 938 942 945 947 948 947 947 945 943 940 937 934 930 926 920 912 904 893 881 867 852 836 820 802 784 762 738 710 681 653 627 605 587 574 566 560 556 553 552 554 558 563 569 574 578 578 577 573 567 561 552 542 530 517 502 488 473 459 446 434 423 413 404 397 392 388 384 380 375 368 358 346 333 320 307 293 279 266 252 240 229 221 215 211 210
770 771 774 781 792 807 825 845 864 881 895 906 914 920 926 931 935 937 938 938 937 936 933 931 928 926 923 919 914 908 900 891 879 867 853 837 821 805 788 771 751 728 704 679 655 632 613 598 586 579 573 569 565 564 564 566 568 571 574 575 574 570 565 559 552 544 534 522 509 496 482 468 455 442 431 420 409 400 393 388 384 380 376 371 363 354 342 329 316 303 290 277 263 251 239 229 221 215 212 210
777 777 780 786 796 809 825 842 858 874 887 898 905 912 918 923 927 928 928 927 925 922 919 916 914 911 909 905 900 893 884 874 862 848 833 818 802 786 770 753 735 715 695 675 655 637 622 609 600 593 588 583 579 576 574 574 573 573 572 570 567 562 556 550 542 534 524 513 502 489 477 464 451 439 428 417 407 398 390 385 380 376 372 367 359 350 338 325 312 300 287 274 262 250 239 229 222 216 213 212
785 785 788 792 801 811 825 839 853 867 879 889 897 904 910 915 918 918 917 914 911 907 903 900 897 895 892 889 883 876 866 855 842 827 812 796 780 764 749 733 716 700 684 668 654 641 630 620 613 607 602 598 593 589 585 581 577 573 569 564 559 553 547 540 532 523 514 504 494 483 472 460 449 437 426 415 405 396 388 383 378 374 369 363 356 346 335 322 309 297 285 273 260 249 239 230 223 218 215 214
793 793 795 799 805 814 824 836 848 859 870 879 887 895 901 906 908 908 905 901 896 891 887 883 880 878 876 872 866 858 848 835 821 806 790 774 758 743 727 712 698 684 672 661 652 644 637 630 625 620 615 611 606 600 594 587 580 573 566 558 551 544 537 529 522 513 505 496 487 477 467 457 446 436 425 414 404 395 387 381 376 371 366 360 353 343 332 319 307 295 283 271 260 249 239 231 224 220 217 216
799 799 800 803 808 815 823 832 842 852 861 870 878 885 892 896 898 897 893 888 882 876 871 867 864 862 859 856 850 841 830 817 802 786 770 753 738 722 707 693 680 670 661 654 649 645 641 638 634 630 626 621 616 609 601 592 582 572 562 553 544 536 528 521 513 505 497 489 481 472 464 454 445 434 424 413 403 394 386 380 375 370 365 358 351 341 330 317 305 293 282 270 259 249 240 232 226 221 219 218
801 801 802 804 808 813 820 827 835 844 852 860 868 876 883 887 888 886 882 876 869 862 856 852 849 847 845 841 835 826 815 801 785 769 752 736 720 705 691 677 666 657 651 647 645 645 644 643 641 637 633 629 623 615 606 595 583 571 559 548 538 529 521 513 506 498 491 483 476 469 461 453 444 434 424 413 403 394 386 380 374 369 364 357 349 340 329 316 304 292 281 270 259 249 240 233 227 223 221 220
799 799 800 802 805 809 814 820 828 835 843 851 859 867 873 877 878 876 871 865 857 850 844 839 836 835 833 829 823 814 802 788 772 755 739 722 707 692 678 665 654 647 642 641 641 643 644 644 643 640 636 632 626 618 608 596 583 569 556 544 533 524 516 509 501 493 486 480 473 466 459 452 443 434 423 413 403 394 386 380 374 369 364 357 349 339 328 316 304 292 281 270 259 250 241 234 228 224 222 221
793 793 794 795 798 802 807 812 819 826 834 842 850 857 864 868 869 867 862 855 847 840 834 829 826 825 823 819 813 804 792 778 762 746 729 713 698 683 669 656 646 640 636 636 637 639 641 642 642 639 636 631 626 618 607 595 581 567 553 541 530 521 513 506 498 491 484 478 472 465 459 451 443 434 424 413 403 394 386 380 375 369 364 357 349 340 328 316 304 292 281 270 260 250 242 235 229 226 223 222
785 785 785 787 789 793 798 803 810 817 825 832 840 848 855 859 860 858 853 846 838 831 825 820 818 816 814 811 805 796 785 771 755 739 722 706 691 677 663 651 641 634 631 631 632 635 638 639 638 636 633 629 623 615 605 593 579 565 551 539 528 519 512 504 497 490 483 477 471 465 458 451 443 434 424 413 403 394 387 381 375 370 364 358 350 340 329 317 305 293 282 271 261 251 243 236 230 226 224 223
775 775 776 777 780 784 788 794 801 808 815 823 831 839 845 849 850 848 844 837 830 823 817 813 810 808 807 804 798 789 777 764 748 732 716 700 685 671 658 645 636 629 626 626 628 631 633 635 635 633 629 625 620 612 602 590 577 563 550 538 527 518 511 504 496 489 483 477 471 465 458 451 443 434 424 414 404 395 388 381 376 371 365 359 351 341 330 318 305 294 283 272 261 252 243 236 231 227 225 224
764 765 765 767 769 772 777 783 789 796 804 811 819 827 834 838 840 838 834 829 822 816 810 806 804 803 801 798 792 783 772 758 742 726 710 694 679 665 652 640 631 625 622 622 624 627 630 631 631 629 626 622 617 610 600 588 575 562 549 537 526 518 511 504 496 490 483 477 471 466 459 452 444 435 426 415 405 397 389 383 377 372 366 359 351 341 330 318 305 294 283 272 262 252 244 237 232 228 226 225
751 751 752 753 756 759 763 768 775 781 789 797 804 812 819 824 827 827 824 820 815 811 806 803 801 800 799 796 789 780 768 753 737 721 704 688 674 660 647 635 626 620 618 618 620 623 626 628 628 626 623 620 615 608 598 587 575 562 549 537 527 519 512 505 498 491 485 479 474 468 462 455 447 438 429 418 409 400 392 385 379 373 366 359 350 340 329 317 304 293 282 271 261 252 244 238 233 229 227 227
736 736 736 737 739 742 746 751 757 764 771 778 787 795 802 808 812 814 814 813 810 807 805 803 802 801 799 796 790 780 766 751 734 716 699 683 668 655 642 631 622 617 614 615 617 620 623 625 626 624 621 618 613 607 598 587 575 563 551 540 530 522 515 508 501 495 489 483 478 472 466 460 452 443 434 423 414 404 396 389 382 375 367 359 350 339 327 315 302 291 280 270 260 252 245 239 234 231 229 228
718 718 718 719 720 723 726 731 736 743 750 758 766 774 782 789 795 800 803 805 806 806 806 805 804 804 803 799 792 781 767 750 731 712 694 678 663 650 638 627 619 614 612 612 615 618 622 624 624 623 620 617 613 606 598 588 577 565 554 544 534 527 520 513 507 500 494 489 484 479 473 466 459 450 441 430 420 411 402 394 386 377 369 359 349 337 325 312 300 288 277 268 259 251 245 239 235 233 231 231
697 697 698 698 700 702 705 709 714 720 727 735 743 752 761 769 777 785 792 797 802 806 808 809 809 809 807 804 796 784 768 750 730 709 690 673 659 646 635 625 617 612 610 611 614 618 621 623 624 623 620 618 613 608 600 591 580 570 559 549 541 533 527 520 514 507 502 497 492 487 481 475 467 459 449 439 429 419 410 401 391 381 371 360 348 336 323 310 297 286 275 265 257 250 245 240 237 235 234 234
676 676 676 677 677 679 682 685 690 696 703 711 720 729 738 748 759 770 780 790 798 805 810 813 814 814 813 809 800 787 770 750 728 707 687 670 655 643 633 623 616 611 610 612 615 619 622 625 625 624 622 619 616 610 603 595 585 575 566 556 548 541 535 528 522 516 511 506 501 496 491 485 478 469 460 450 440 429 419 409 398 386 374 361 348 335 321 308 295 283 273 264 256 250 245 241 239 238 237 237
654 654 654 654 655 656 658 662 666 672 679 688 697 707 717 728 741 755 769 782 794 805 812 816 818 818 817 813 804 790 772 750 727 705 684 667 653 641 631 622 616 612 611 613 617 621 625 627 628 627 625 623 619 614 608 600 592 582 573 565 557 551 544 538 532 526 521 516 512 507 502 496 489 481 471 461 451 441 430 418 405 392 378 364 350 335 321 307 294 282 271 263 255 250 246 243 241 240 240 240
632 632 632 632 633 634 636 639 643 649 657 666 676 686 697 710 725 741 758 774 790 802 812 818 820 821 820 816 806 792 772 750 726 703 682 664 651 640 631 623 617 614 614 616 620 625 629 632 633 632 630 628 625 620 614 607 599 591 582 575 567 561 555 549 543 537 532 527 523 519 514 509 502 493 484 474 463 452 441 428 414 400 384 369 353 337 322 308 295 282 272 263 256 251 247 245 244 243 243 243
611 611 611 611 612 613 615 618 623 629 637 646 656 667 679 693 710 728 747 766 784 799 810 817 820 820 820 816 806 791 771 748 724 701 680 663 650 640 632 624 619 617 618 621 625 630 635 638 639 639 637 635 632 628 622 616 608 600 592 585 578 572 566 560 554 548 544 539 536 531 527 521 514 506 497 486 476 465 453 439 424 408 392 375 358 342 326 311 297 284 273 264 258 253 250 248 247 246 246 247
591 591 591 592 592 593 595 599 604 610 619 629 640 652 664 679 697 717 737 758 777 793 805 813 816 817 817 813 804 789 769 746 722 699 678 662 649 641 633 627 623 622 623 627 632 637 642 646 648 647 646 644 641 637 632 625 618 611 603 596 589 583 578 572 566 561 556 552 548 544 540 534 527 519 510 499 489 477 465 451 435 418 401 383 365 348 332 316 302 288 277 268 261 256 253 251 250 250 250 250
573 573 573 573 574 575 577 581 587 594 603 613 625 638 651 667 686 706 728 749 769 786 799 807 811 812 812 808 799 784 765 743 719 697 677 662 650 642 636 631 628 627 629 634 640 646 651 655 657 657 656 654 651 647 642 636 629 622 614 607 601 595 590 584 578 573 568 564 561 557 553 547 541 532 523 512 502 490 478 463 447 430 411 393 374 356 339 323 308 294 282 272 265 260 256 254 253 253 253 253
555 555 555 555 556 558 560 565 571 578 588 599 612 625 640 657 676 697 719 741 762 779 792 801 805 806 806 803 794 780 761 739 717 695 677 662 652 645 640 635 633 634 637 642 648 655 661 665 668 668 666 665 662 658 653 647 641 633 626 619 613 607 602 597 591 586 581 578 574 571 566 561 554 546 536 526 515 504 491 476 459 442 423 404 384 366 348 331 315 300 288 278 270 264 260 258 257 257 257 257
538 538 538 539 540 542 545 550 556 565 575 587 601 615 630 647 667 689 712 734 755 772 786 794 799 800 801 798 789 776 758 737 716 695 678 664 655 649 645 642 640 642 645 651 658 665 671 676 678 678 677 675 673 670 665 659 652 646 639 632 626 620 615 610 604 599 595 591 588 585 581 575 569 560 551 540 530 518 505 489 473 454 435 415 395 375 357 339 322 307 294 283 275 269 265 262 261 260 260 260
522 522 523 523 525 528 531 537 545 554 565 578 592 607 623 641 661 683 706 728 748 766 779 787 792 794 795 792 785 773 756 737 717 699 683 671 662 658 654 652 651 653 657 662 669 675 681 685 687 687 686 685 683 680 675 670 664 657 651 644 639 633 628 623 618 613 609 606 603 600 596 591 584 576 566 556 545 533 520 504 486 467 447 426 405 385 365 347 330 314 300 289 280 273 269 266 264 263 263 263
509 509 509 510 512 516 521 527 536 546 559 572 587 603 620 638 658 680 702 724 743 760 772 780 785 787 788 786 780 770 755 739 721 705 691 681 674 671 668 667 666 668 671 675 680 685 690 693 695 695 694 693 691 688 684 679 674 668 662 657 651 646 642 636 631 627 623 620 618 615 612 607 601 593 583 573 562 550 536 519 501 481 459 437 416 394 374 355 337 320 306 294 284 277 272 269 267 266 265 265
497 497 497 499 502 506 513 521 531 542 556 571 587 603 620 639 659 680 700 721 739 754 765 773 778 780 781 780 776 767 756 742 728 715 704 696 690 688 686 685 685 686 687 690 693 696 698 700 700 700 699 698 696 694 691 687 683 678 673 668 664 659 654 650 645 640 637 635 633 631 628 624 618 610 601 590 579 567 552 535 516 494 472 449 426 403 382 362 344 327 311 299 288 281 275 271 268 267 266 266
486 486 487 490 493 499 507 517 528 541 556 572 589 606 624 642 662 681 701 719 735 748 759 766 770 773 774 774 771 766 757 747 737 727 719 713 710 708 708 707 707 706 706 706 706 706 705 705 705 704 703 702 701 699 697 694 691 687 683 680 676 671 667 662 657 654 651 649 648 647 645 642 636 628 619 608 597 584 569 551 531 508 484 459 435 412 390 370 350 333 317 303 292 284 277 273 270 268 267 267
478 478 479 482 487 494 503 515 528 543 559 575 593 611 629 647 666 685 702 718 732 744 753 759 763 766 768 769 768 765 760 754 747 741 736 733 731 731 731 731 730 728 725 722 719 715 712 709 708 706 705 705 704 703 701 700 698 695 693 690 687 683 679 674 670 666 664 663 663 662 661 659 654 646 637 626 615 602 586 567 545 521 496 470 445 420 398 377 357 339 322 308 296 287 279 274 271 268 267 267
471 471 473 476 482 490 501 514 529 545 562 580 598 616 635 653 672 689 704 718 730 740 747 753 757 760 762 764 765 764 763 760 758 755 754 753 752 753 754 754 752 749 744 738 731 724 718 713 710 708 707 707 706 706 705 705 704 703 702 700 697 694 690 686 681 678 676 676 677 677 677 675 671 664 654 643 632 619 602 582 559 534 507 480 453 428 405 383 363 344 328 313 300 290 282 276 272 269 268 267
466 466 468 472 478 488 500 514 530 547 566 584 603 622 641 659 677 692 707 719 729 737 743 748 752 755 758 760 763 765 766 767 768 769 769 771 772 773 775 775 773 768 761 752 742 732 724 717 713 710 710 709 709 709 709 710 710 710 710 709 707 704 701 696 692 689 688 688 690 691 691 690 686 679 670 659 648 634 617 596 572 546 518 490 462 436 412 390 370 350 333 318 305 294 285 279 274 271 269 269
462 462 464 468 475 485 498 514 531 549 568 587 606 626 645 663 680 695 708 719 728 735 740 745 748 752 755 758 762 766 769 773 776 780 783 786 788 790 792 793 790 784 776 764 752 740 730 721 716 713 713 712 712 713 714 715 716 717 718 718 716 714 710 706 702 699 699 699 701 703 704 703 700 693 684 673 662 648 630 609 584 557 528 499 470 444 419 397 376 357 339 323 309 298 289 282 277 274 272 271
459 459 461 465 473 484 497 513 531 550 569 589 608 628 647 666 683 697 709 719 727 733 738 743 747 750 754 758 762 767 773 778 783 788 793 797 800 803 805 806 803 797 787 775 761 747 735 726 720 718 717 717 717 718 719 721 723 725 726 726 725 723 719 715 711 709 708 709 712 714 716 715 712 706 696 685 674 660 642 620 595 567 537 507 478 451 427 404 383 363 345 329 315 303 294 286 281 278 276 275
456 457 459 463 471 482 496 512 530 549 569 589 608 628 648 666 683 697 709 719 727 733 738 742 746 750 754 759 764 770 776 782 788 794 800 805 808 812 814 815 812 806 795 782 768 754 742 732 726 723 723 723 723 724 726 728 730 732 734 734 733 731 728 724 720 718 717 719 721 724 726 725 722 716 707 696 684 670 652 630 605 576 546 516 486 459 434 411 390 370 352 335 321 309 299 292 287 283 281 280
454 455 457 461 469 480 494 510 528 548 567 587 607 627 647 665 682 697 709 719 727 733 738 743 747 752 756 761 766 772 779 786 792 799 805 810 814 817 820 821 819 812 802 789 775 761 748 739 733 730 729 730 730 731 733 735 738 740 742 742 742 740 736 732 728 726 726 727 730 733 735 735 731 725 716 705 694 679 661 639 613 585 554 524 494 467 441 418 397 377 358 342 328 315 306 298 293 289 287 286
453 453 455 460 467 478 492 508 527 546 566 586 606 626 646 664 681 696 709 719 727 734 739 744 749 753 758 763 769 775 782 789 796 803 809 815 819 823 826 827 825 818 808 795 781 767 755 745 739 737 736 737 737 739 740 743 745 748 750 750 750 748 745 741 737 735 735 736 739 742 744 744 740 734 725 714 703 688 670 648 622 593 563 532 502 475 449 426 404 384 365 349 334 322 312 304 299 295 293 293
451 451 453 458 466 477 491 507 525 545 565 585 605 625 645 664 681 696 709 719 728 735 741 746 751 756 761 766 772 779 786 793 801 807 814 819 824 828 831 833 831 824 814 801 787 773 761 752 746 743 743 743 744 745 748 750 753 756 758 759 758 757 754 750 746 744 743 745 748 750 752 752 749 743 734 723 711 697 679 657 631 602 571 541 511 483 457 434 412 392 373 356 342 329 319 311 306 302 300 299
450 450 452 456 464 475 489 506 524 544 564 584 604 624 644 663 680 696 709 720 729 737 743 749 755 760 765 771 777 784 791 798 805 812 818 824 829 833 836 838 836 829 819 807 792 778 766 757 751 748 748 749 750 751 754 757 760 764 766 768 768 766 763 759 755 753 752 754 756 759 760 760 756 750 741 730 718 704 686 664 638 610 580 549 520 492 467 443 422 401 382 365 350 338 327 319 313 309 307 306
449 449 451 456 463 475 489 505 524 543 563 583 603 623 643 662 680 696 710 721 731 740 747 753 759 764 770 776 782 789 796 803 810 817 823 828 833 837 840 842 840 834 824 811 796 782 770 760 755 752 752 753 754 756 759 763 767 771 774 776 777 775 772 768 764 761 761 762 763 765 766 765 762 755 746 735 723 709 692 670 645 617 587 558 529 501 476 453 432 412 393 376 360 347 336 327 321 317 314 313
448 449 451 455 463 475 489 506 525 544 564 584 603 623 642 662 680 696 710 723 734 743 751 758 764 770 776 782 788 795 802 808 815 821 827 832 836 840 843 845 843 837 826 813 799 784 772 763 757 754 754 755 756 759 763 768 773 778 782 784 785 784 781 776 772 769 768 768 769 771 771 769 765 759 749 738 727 713 695 674 650 623 594 565 537 511 486 464 443 423 404 387 371 358 346 337 330 325 322 321
449 450 452 457 465 476 491 508 526 546 565 585 604 623 642 661 680 696 712 725 737 747 756 763 770 776 782 788 795 801 807 814 820 825 830 835 839 843 846 847 845 838 828 814 800 785 773 763 757 755 755 756 757 760 765 771 777 783 788 791 792 791 788 783 779 775 773 773 773 774 773 771 766 759 750 739 727 713 697 676 653 627 600 572 545 520 496 475 454 435 417 399 384 369 357 347 340 335 332 330
452 452 454 459 468 479 494 511 529 549 568 587 606 624 643 662 680 697 713 727 740 751 761 769 776 782 789 795 801 807 813 819 824 829 833 837 841 844 847 848 845 838 828 814 799 784 771 762 756 754 754 755 757 760 765 772 779 786 792 796 798 796 793 788 783 779 777 775 774 774 772 769 764 757 747 736 725 711 695 676 654 629 603 577 552 528 505 485 466 447 429 412 396 382 369 359 351 345 342 340
456 457 459 464 472 484 499 516 534 553 572 591 609 626 645 663 681 698 715 730 743 755 765 773 781 788 794 801 807 813 818 823 828 832 836 839 842 845 847 848 845 837 826 812 797 782 769 759 753 751 751 752 754 758 764 772 780 788 794 799 800 799 795 790 785 780 777 774 773 771 769 765 759 752 742 731 720 707 691 673 652 629 604 580 556 534 513 494 476 459 442 425 409 395 382 371 362 356 353 351
463 463 466 471 479 491 506 523 541 560 578 596 613 630 647 665 683 700 716 732 745 758 768 777 785 792 799 806 812 817 822 827 831 834 837 840 842 845 846 847 843 835 823 809 793 778 765 755 749 747 747 748 750 755 761 769 778 786 794 798 800 799 794 789 783 777 773 770 768 765 762 758 752 744 734 723 712 699 684 667 647 625 603 581 559 538 519 502 485 469 453 438 422 408 395 384 375 369 365 363
472 472 475 480 488 500 514 531 549 567 585 602 618 634 651 668 685 702 718 733 747 760 771 780 788 796 803 809 816 821 826 829 833 835 838 840 842 843 845 844 840 831 819 804 788 773 759 749 743 741 741 742 745 750 756 765 774 783 790 795 797 795 790 784 777 771 767 763 759 756 752 748 741 733 723 713 702 689 675 658 640 620 599 578 558 540 523 507 492 478 464 449 435 421 408 397 388 382 378 376
483 484 486 491 499 511 525 542 559 577 594 610 625 640 655 671 688 704 720 735 749 761 772 782 790 798 805 812 818 823 828 831 834 836 838 839 840 841 842 841 836 827 814 799 782 766 753 743 737 735 735 736 739 743 750 759 768 777 784 789 790 788 782 775 768 762 757 752 748 745 740 735 729 720 711 700 689 677 663 647 630 611 592 574 556 539 524 510 498 486 473 460 446 433 421 410 402 396 392 390
496 496 499 504 512 523 537 553 570 587 603 618 632 646 661 676 691 707 722 736 750 762 773 783 791 798 806 813 819 824 829 832 834 836 837 838 839 839 839 837 831 822 808 792 776 760 746 736 730 728 728 729 732 736 743 752 761 769 776 780 781 778 772 765 757 750 744 739 735 731 726 721 714 706 696 686 675 663 650 635 619 601 584 567 551 537 524 512 502 491 481 469 457 445 434 424 416 410 406 405
510 510 512 517 525 536 550 566 582 598 613 627 640 653 666 680 695 709 723 737 750 762 773 783 791 799 806 814 820 825 829 832 834 836 836 836 836 836 835 832 826 816 802 786 769 752 739 728 722 720 720 722 724 729 735 744 752 760 767 770 771 767 761 753 745 737 731 725 721 716 711 706 699 691 681 671 660 649 636 622 606 590 575 559 545 533 522 513 504 496 487 478 467 456 446 437 430 424 421 419
524 525 527 532 539 550 563 578 594 609 623 636 648 660 672 685 698 711 725 738 751 762 773 782 791 799 806 814 820 825 829 832 834 835 835 835 834 833 831 828 821 810 796 779 762 746 732 722 716 714 714 715 718 722 729 737 745 752 758 761 761 757 750 741 732 724 717 711 706 701 696 690 683 675 666 655 645 634 621 608 593 579 564 551 539 528 519 512 506 500 493 485 476 467 458 450 443 438 435 433
541 541 543 548 555 565 577 591 605 619 632 644 655 666 677 688 700 713 726 738 750 761 771 781 789 797 805 812 819 824 828 831 833 834 834 833 831 830 827 823 816 805 791 775 758 742 729 719 713 711 712 713 715 719 725 733 740 747 752 754 752 748 740 731 722 713 705 698 692 687 681 674 667 659 649 639 629 618 606 593 579 566 553 541 530 522 515 510 506 502 497 491 483 476 468 461 455 450 447 446
559 560 561 565 572 581 592 604 617 629 641 651 661 671 681 691 702 714 725 737 748 759 768 778 786 794 802 810 816 822 827 830 832 832 832 831 829 827 824 819 812 801 788 772 756 742 729 720 715 713 714 715 717 721 726 732 738 744 747 748 746 741 733 723 713 704 695 687 680 673 666 659 651 642 632 622 612 601 590 577 564 552 540 529 520 513 508 505 503 501 498 494 488 482 476 470 465 461 458 457
580 580 581 585 590 598 607 617 628 638 648 658 666 675 684 693 703 714 724 735 745 755 765 773 782 790 798 806 813 819 824 827 830 831 831 829 827 824 821 816 809 798 786 772 758 744 733 726 721 719 720 721 723 726 731 736 740 744 746 746 742 736 727 717 707 696 686 677 668 660 652 643 634 625 615 606 596 585 574 562 549 537 526 517 509 504 500 499 499 498 497 495 491 487 482 477 473 469 467 466
600 600 602 604 608 614 621 629 638 646 655 662 670 678 686 694 703 713 722 732 741 751 760 768 777 785 793 801 808 815 820 825 828 829 829 828 826 822 818 813 806 797 786 773 761 750 741 734 731 730 730 731 733 735 739 742 745 747 747 745 740 733 724 713 702 691 680 669 659 649 639 629 619 609 599 589 580 569 558 546 534 523 513 504 498 493 491 491 493 494 494 493 491 489 485 482 478 476 474 473
621 621 621 623 626 630 635 640 647 653 660 666 673 680 687 695 703 711 720 729 738 746 755 763 771 780 788 796 804 811 817 822 826 828 828 827 825 821 817 811 804 796 786 776 766 758 750 745 743 742 743 744 745 747 749 751 752 752 750 746 740 732 722 712 700 688 676 663 651 639 627 616 605 595 585 575 565 555 544 532 521 510 500 492 486 483 482 483 486 488 490 491 490 489 487 485 482 481 479 479
639 639 639 640 642 644 646 650 654 658 663 669 675 681 688 695 702 710 718 726 734 742 750 758 766 774 783 791 799 807 813 819 824 826 827 826 824 820 815 810 803 796 788 780 772 766 760 757 755 755 756 757 758 759 760 760 759 757 754 749 742 733 722 711 699 686 673 659 645 631 618 605 593 582 572 562 553 542 532 520 509 498 489 481 476 473 473 476 479 482 485 487 488 488 487 486 485 484 483 482
654 654 654 654 654 655 656 657 659 662 666 670 676 682 688 694 701 708 715 723 730 738 745 753 761 770 778 786 795 803 810 817 822 825 827 826 823 819 814 809 803 796 790 784 778 773 770 768 767 767 768 769 770 770 770 769 767 763 758 751 743 734 723 711 699 686 671 656 641 625 610 597 584 572 562 552 543 533 522 511 499 489 480 472 468 465 466 469 473 477 481 484 486 487 487 487 486 485 485 485
665 665 665 665 664 663 663 663 663 665 668 671 676 682 688 694 700 707 714 720 727 735 742 750 758 766 774 783 792 800 808 815 821 824 826 826 823 819 814 808 802 797 792 787 783 780 778 777 776 777 778 779 779 779 778 776 772 768 761 754 745 735 724 712 700 686 671 655 638 621 605 591 577 565 555 545 536 526 515 504 492 482 473 466 461 460 461 464 468 473 477 481 484 485 486 487 487 486 486 486
672 672 672 671 670 668 667 666 666 666 669 672 677 682 688 694 700 706 712 719 726 733 740 748 756 764 772 781 790 798 807 814 820 824 826 826 823 819 813 808 802 797 793 789 786 784 783 782 782 783 784 785 786 785 784 781 776 771 764 755 746 736 725 713 700 686 670 654 636 619 603 587 573 561 551 541 532 522 511 500 488 478 469 462 458 456 457 461 465 470 475 479 482 484 486 486 487 487 487 486
675 675 675 674 672 670 668 667 666 667 669 672 677 682 688 693 700 706 712 718 725 732 739 747 755 763 771 780 789 797 806 813 820 824 826 825 823 819 813 808 802 797 793 790 787 786 785 785 785 786 787 788 788 788 786 783 778 772 765 756 747 736 725 713 701 686 670 653 636 618 601 586 572 559 549 539 530 520 509 498 487 476 467 460 456 454 456 459 464 469 474 478 481 484 485 486 487 487 487 487
