50 50
20 1 20 1 20 1 20 1 20 1 19 1 19 1 18 1 17 1 16 1 16 1 15 1 15 1 14 1 13 1 13 1 12 1 12 1 12 1 12 1 11 1 11 3 11 3 11 3 10 3 10 3 9 3 9 3 9 3 8 3 8 3 8 8 8 8 7 8 7 8 7 8 7 8 7 8 7 8 7 8 7 8 7 8 6 8 6 8 6 8 5 8 5 8 5 8 4 0 4 0
20 1 20 1 20 1 20 1 20 1 19 1 19 1 18 1 17 1 16 1 16 1 15 1 15 1 14 1 13 1 13 1 12 1 12 1 12 1 12 1 11 3 11 3 11 3 11 3 10 3 10 3 9 3 9 3 9 3 8 3 8 3 8 8 8 8 7 8 7 8 7 8 7 8 7 8 7 8 7 8 7 8 6 8 6 8 6 8 6 8 5 8 5 8 5 0 4 0 4 0
20 1 20 1 20 1 20 1 20 1 19 1 19 1 18 1 17 1 16 1 16 1 15 1 15 1 14 1 13 1 13 1 12 1 12 1 12 1 12 1 11 3 11 3 11 3 11 3 10 3 10 3 9 3 9 3 9 3 8 3 8 3 8 3 8 8 7 8 7 8 7 8 7 8 7 8 7 8 7 8 7 8 6 8 6 8 6 8 6 8 5 8 5 0 5 0 4 0 4 0
20 1 20 1 20 1 20 1 20 1 19 1 19 1 18 1 17 1 17 1 16 1 15 1 15 1 14 1 13 1 13 1 13 1 12 1 12 1 12 1 12 3 11 3 11 3 11 3 10 3 10 3 9 3 9 3 9 3 8 3 8 3 8 3 8 8 7 8 7 8 7 8 7 8 7 8 7 8 7 8 7 8 6 8 6 8 6 8 6 8 5 0 5 0 5 0 4 0 4 0
20 1 20 1 20 1 20 1 20 1 19 1 19 1 18 1 17 1 17 1 16 1 15 1 15 1 14 1 14 1 13 1 13 1 12 1 12 1 12 1 12 3 11 3 11 3 11 3 10 3 10 3 9 3 9 3 9 3 8 3 8 3 8 3 8 3 7 8 7 8 7 8 7 8 7 8 7 8 7 8 7 8 6 8 6 8 6 8 6 0 5 0 5 0 5 0 5 0 4 0
20 1 20 1 20 1 20 1 20 1 19 1 19 1 18 1 17 1 17 1 16 1 16 1 15 1 14 1 14 1 13 1 13 1 13 1 12 1 12 1 12 3 11 3 11 3 11 3 10 3 10 3 10 3 9 3 9 3 8 3 8 3 8 3 8 3 7 3 7 8 7 8 7 8 7 8 7 8 7 8 7 8 6 8 6 8 6 0 6 0 5 0 5 0 5 0 5 0 4 0
20 1 20 1 20 1 20 1 20 1 19 1 19 1 18 1 18 1 17 1 16 1 16 1 15 1 15 1 14 1 14 1 13 1 13 1 12 1 12 1 12 3 12 3 11 3 11 3 10 3 10 3 10 3 9 3 9 3 8 3 8 3 8 3 8 3 7 3 7 8 7 8 7 8 7 8 7 8 7 8 6 8 6 8 6 0 6 0 6 0 6 0 5 0 5 0 5 0 5 0
20 1 20 1 20 1 20 1 20 1 19 1 19 1 18 1 18 1 17 1 17 1 16 1 15 1 15 1 14 1 14 1 13 1 13 1 13 1 12 1 12 3 12 3 11 3 11 3 11 3 10 3 10 3 9 3 9 3 8 3 8 3 8 3 8 3 7 3 7 3 7 8 7 8 7 8 7 8 7 8 6 8 6 0 6 0 6 0 6 0 6 0 5 0 5 0 5 0 5 0
20 1 20 1 20 1 20 1 20 1 19 1 19 1 18 1 18 1 17 1 17 1 16 1 16 1 15 1 15 1 14 1 14 1 13 1 13 1 12 3 12 3 12 3 11 3 11 3 11 3 10 3 10 3 9 3 9 3 9 3 8 3 8 3 8 3 7 3 7 3 7 8 7 8 7 8 7 8 6 8 6 0 6 0 6 0 6 0 6 0 6 0 6 0 5 0 5 0 5 0
20 1 20 1 20 1 20 1 20 1 19 1 19 1 18 1 18 1 17 1 17 1 16 1 16 1 15 1 15 1 14 1 14 1 13 1 13 1 13 3 12 3 12 3 12 3 11 3 11 3 10 3 10 3 10 3 9 3 9 3 8 3 8 3 8 3 7 3 7 3 7 3 7 8 7 8 7 8 6 0 6 0 6 0 6 0 6 0 6 0 6 0 6 0 5 0 5 0 5 0
20 1 20 1 20 1 20 1 20 1 19 1 19 1 19 1 18 1 18 1 17 1 17 1 16 1 15 1 15 1 14 1 14 1 14 1 13 1 13 3 13 3 12 3 12 3 11 3 11 3 11 3 10 3 10 3 9 3 9 3 8 3 8 3 8 3 7 3 7 3 7 3 7 3 7 8 7 0 7 0 6 0 6 0 6 0 6 0 6 0 6 0 6 0 6 0 5 0 5 0
20 1 20 1 20 1 20 1 19 1 19 1 19 1 19 1 18 1 18 1 17 1 17 1 16 1 16 1 15 1 15 1 14 1 14 1 13 1 13 3 13 3 12 3 12 3 12 3 11 3 11 3 10 3 10 3 9 3 9 3 9 3 8 3 8 3 8 3 7 3 7 3 7 3 7 0 7 0 7 0 6 0 6 0 6 0 6 0 6 0 6 0 6 0 6 0 6 0 5 0
20 1 20 1 20 1 20 1 19 1 19 1 19 1 18 1 18 1 18 1 17 1 17 1 16 1 16 1 15 1 15 1 14 1 14 1 14 1 13 3 13 3 13 3 12 3 12 3 11 3 11 3 11 3 10 3 10 3 9 3 9 3 8 3 8 3 8 3 7 3 7 3 7 3 7 0 7 0 7 0 7 0 6 0 6 0 6 0 6 0 6 0 6 0 6 0 6 0 5 0
20 1 20 1 20 1 20 1 19 1 19 1 19 1 18 1 18 1 18 1 17 1 17 1 16 1 16 1 15 1 15 1 14 1 14 1 14 1 13 3 13 3 13 3 12 3 12 3 12 3 11 3 11 3 10 3 10 3 9 3 9 5 9 5 8 5 8 5 8 5 7 5 7 5 7 5 7 0 7 0 7 0 7 0 6 0 6 0 6 0 6 0 6 0 6 0 6 0 5 0
20 1 20 1 20 1 19 1 19 1 19 1 19 1 18 1 18 1 18 1 17 1 17 1 16 1 16 1 15 1 15 1 15 2 14 2 14 2 14 2 13 3 13 3 13 3 12 5 12 5 11 5 11 5 10 5 10 5 10 5 9 5 9 5 8 5 8 5 8 5 8 5 7 5 7 5 7 0 7 0 7 0 7 0 7 0 6 0 6 0 6 0 6 0 6 0 6 0 6 0
19 1 19 1 19 1 19 1 19 1 19 1 19 1 18 1 18 1 18 1 17 1 17 1 16 1 16 2 15 2 15 2 15 2 14 2 14 2 14 2 13 5 13 5 13 5 12 5 12 5 12 5 11 5 11 5 10 5 10 5 9 5 9 5 9 5 8 5 8 5 8 5 8 5 7 5 7 5 7 0 7 0 7 0 7 0 7 0 6 0 6 0 6 0 6 0 6 0 6 0
19 1 19 1 19 1 19 1 19 1 19 1 18 1 18 1 18 1 17 1 17 1 17 2 16 2 16 2 15 2 15 2 15 2 14 2 14 2 14 2 14 2 13 5 13 5 13 5 12 5 12 5 11 5 11 5 10 5 10 5 10 5 9 5 9 5 9 5 8 5 8 5 8 5 8 5 7 5 7 0 7 0 7 0 7 0 7 0 7 0 6 0 6 0 6 0 6 0 6 0
19 1 19 1 19 1 19 1 19 1 18 1 18 1 18 1 18 2 17 2 17 2 17 2 16 2 16 2 15 2 15 2 15 2 14 2 14 2 14 2 14 2 13 5 13 5 13 5 12 5 12 5 11 5 11 5 11 5 10 5 10 5 9 5 9 5 9 5 8 5 8 5 8 5 8 5 8 5 7 5 7 0 7 0 7 0 7 0 7 0 6 0 6 0 6 0 6 0 6 0
18 1 18 1 18 1 18 1 18 1 18 2 18 2 18 2 17 2 17 2 17 2 17 2 16 2 16 2 15 2 15 2 15 2 14 2 14 2 14 2 14 2 14 2 13 5 13 5 12 5 12 5 12 5 11 5 11 5 10 5 10 5 10 5 9 5 9 5 9 5 8 5 8 5 8 5 8 5 8 5 8 0 7 0 7 0 7 0 7 0 6 0 6 0 6 0 6 0 6 0
18 1 18 1 18 2 18 2 18 2 18 2 18 2 17 2 17 2 17 2 17 2 16 2 16 2 16 2 15 2 15 2 15 2 14 2 14 2 14 2 14 2 14 2 13 2 13 5 13 5 12 5 12 5 11 5 11 5 11 5 10 5 10 5 10 5 9 5 9 5 9 5 9 5 8 5 8 5 8 5 8 5 8 0 7 0 7 0 7 0 7 0 6 0 6 0 6 0 6 0
18 2 18 2 17 2 17 2 17 2 17 2 17 2 17 2 17 2 17 2 17 2 16 2 16 2 16 2 15 2 15 2 15 2 14 2 14 2 14 2 14 2 14 2 13 2 13 5 13 5 12 5 12 5 11 5 11 5 11 5 10 5 10 5 10 5 9 5 9 5 9 5 9 5 9 5 8 5 8 5 8 5 8 5 7 0 7 0 7 0 7 0 6 0 6 0 6 0 6 0
17 2 17 2 17 2 17 2 17 2 17 2 17 2 17 2 17 2 17 2 16 2 16 2 16 2 16 2 15 2 15 2 15 2 14 2 14 2 14 2 14 2 14 2 13 2 13 2 13 5 12 5 12 5 12 5 11 5 11 5 11 5 10 5 10 5 10 5 9 5 9 5 9 5 9 5 9 5 8 5 8 5 8 5 8 0 7 0 7 0 7 0 6 0 6 0 6 0 6 0
17 2 17 2 17 2 17 2 17 2 17 2 17 2 17 2 17 2 16 2 16 2 16 2 16 2 15 2 15 2 15 2 15 2 14 2 14 2 14 2 14 2 14 2 13 2 13 2 13 5 12 5 12 5 12 5 11 5 11 5 11 5 10 5 10 5 10 5 10 5 9 5 9 5 9 5 9 5 9 5 8 5 8 5 8 5 7 0 7 0 7 0 6 0 6 0 6 0 6 0
17 9 17 2 17 2 17 2 17 2 17 2 17 2 17 2 17 2 16 2 16 2 16 2 16 2 15 2 15 2 15 2 15 2 14 2 14 2 14 2 14 2 14 2 14 2 13 2 13 2 13 5 12 5 12 5 11 5 11 5 11 5 10 5 10 5 10 5 10 5 10 5 9 5 9 5 9 5 9 5 9 5 8 5 8 5 8 0 7 0 7 0 7 0 6 0 6 0 6 0
17 9 17 9 17 2 17 2 17 2 17 2 17 2 17 2 16 2 16 2 16 2 16 2 16 2 15 2 15 2 15 2 15 2 14 2 14 2 14 2 14 2 14 2 14 2 13 2 13 2 13 5 12 5 12 5 11 5 11 5 11 5 11 5 10 5 10 5 10 5 10 5 10 5 9 5 9 5 9 5 9 5 8 5 8 5 8 5 7 0 7 0 7 0 6 0 6 0 6 0
16 9 16 9 16 9 16 2 16 2 16 2 16 2 16 2 16 2 16 2 16 2 16 2 16 2 15 2 15 2 15 2 15 2 14 2 14 2 14 2 14 2 14 2 14 2 13 2 13 2 13 2 12 5 12 5 12 5 11 5 11 5 11 5 10 5 10 5 10 5 10 5 10 5 10 5 9 5 9 5 9 5 9 5 8 5 8 5 8 0 7 0 7 0 6 0 6 0 6 0
16 9 16 9 16 9 16 2 16 2 16 2 16 2 16 2 16 2 16 2 16 2 16 2 16 2 15 2 15 2 15 2 15 2 14 2 14 2 14 2 14 2 14 2 14 2 13 2 13 2 13 2 12 2 12 5 12 5 11 5 11 5 11 5 11 5 10 5 10 5 10 5 10 5 10 5 9 5 9 5 9 5 9 5 8 5 8 5 8 5 7 0 7 0 7 0 6 0 6 0
16 9 16 9 16 9 16 9 16 2 16 2 16 2 16 2 16 2 16 2 16 2 16 2 16 2 15 2 15 2 15 2 14 2 14 2 14 2 14 2 14 2 14 2 14 2 13 2 13 2 13 2 12 2 12 5 12 5 11 5 11 5 11 5 11 5 11 5 10 5 10 5 10 5 10 5 10 5 9 5 9 5 9 5 9 5 8 5 8 5 7 0 7 0 7 0 7 0 6 0
16 9 16 9 16 9 16 9 16 9 16 2 16 2 16 2 16 2 16 2 16 2 16 2 15 2 15 2 15 2 15 2 14 2 14 2 14 2 14 2 14 2 14 2 14 2 13 2 13 2 13 2 12 2 12 2 12 5 11 5 11 5 11 5 11 5 11 5 10 5 10 5 10 5 10 5 10 5 10 5 9 5 9 5 9 5 8 5 8 5 8 5 7 0 7 0 7 0 6 0
17 9 17 9 17 9 17 9 17 9 17 9 16 2 16 2 16 2 16 2 16 2 16 2 15 2 15 2 15 2 15 2 14 2 14 2 14 2 14 2 14 2 14 2 13 2 13 2 13 2 13 2 12 7 12 7 12 7 11 7 11 5 11 5 11 5 11 5 10 5 10 5 10 5 10 5 10 5 10 5 9 5 9 5 9 5 9 5 8 5 8 5 7 5 7 0 7 0 7 0
17 9 17 9 17 9 17 9 17 9 17 9 17 9 16 2 16 2 16 2 16 2 16 2 15 2 15 2 15 2 15 2 14 2 14 2 14 2 14 2 14 2 14 2 13 2 13 2 13 7 12 7 12 7 12 7 12 7 11 7 11 7 11 5 11 5 11 5 11 5 10 5 10 5 10 5 10 5 10 5 10 5 9 5 9 5 9 5 8 5 8 5 8 4 7 4 7 4 7 4
17 9 17 9 17 9 17 9 17 9 17 9 17 9 16 9 16 2 16 2 16 2 16 2 15 2 15 2 15 2 15 2 14 2 14 2 14 2 14 2 14 2 13 2 13 7 13 7 12 7 12 7 12 7 12 7 11 7 11 7 11 7 11 7 11 7 11 5 11 5 10 5 10 5 10 5 10 5 10 5 10 5 9 5 9 5 9 4 8 4 8 4 8 4 7 4 7 4 7 4
17 9 17 9 17 9 17 9 17 9 17 9 17 9 16 9 16 2 16 2 16 2 16 2 15 2 15 2 15 2 15 2 14 2 14 2 14 2 14 2 13 7 13 7 13 7 13 7 12 7 12 7 12 7 11 7 11 7 11 7 11 7 11 7 11 7 11 7 11 7 10 5 10 5 10 5 10 5 10 5 10 4 9 4 9 4 9 4 9 4 8 4 8 4 8 4 7 4 7 4
17 9 17 9 17 9 17 9 17 9 17 9 17 9 16 9 16 9 16 2 16 2 16 2 15 2 15 2 15 2 15 2 14 2 14 2 14 7 13 7 13 7 13 7 13 7 12 7 12 7 12 7 11 7 11 7 11 7 11 7 11 7 11 7 11 7 11 7 11 7 10 7 10 7 10 4 10 4 10 4 10 4 10 4 9 4 9 4 9 4 8 4 8 4 8 4 7 4 7 4
17 9 17 9 17 9 17 9 17 9 17 9 17 9 16 9 16 9 16 9 16 2 15 2 15 2 15 2 15 2 15 2 14 7 14 7 14 7 13 7 13 7 13 7 12 7 12 7 12 7 11 7 11 7 11 7 11 7 11 7 11 7 11 7 11 7 11 7 10 7 10 7 10 7 10 4 10 4 10 4 10 4 10 4 9 4 9 4 9 4 8 4 8 4 8 4 8 4 7 4
17 9 17 9 17 9 17 9 17 9 17 9 16 9 16 9 16 9 16 9 15 9 15 2 15 2 15 2 15 7 14 7 14 7 14 7 13 7 13 7 13 7 12 7 12 7 12 7 12 7 11 7 11 7 11 7 11 7 11 7 10 7 10 7 10 7 10 7 10 7 10 7 10 4 10 4 10 4 10 4 10 4 10 4 9 4 9 4 9 4 9 4 8 4 8 4 8 4 7 4
17 9 17 9 17 9 17 9 17 9 16 9 16 9 16 9 16 9 15 9 15 9 15 9 15 7 15 7 14 7 14 7 14 7 14 7 13 7 13 7 13 7 12 7 12 7 12 7 11 7 11 7 11 7 11 7 11 7 10 7 10 7 10 7 10 7 10 7 10 7 10 7 10 4 10 4 10 4 10 4 10 4 10 4 10 4 9 4 9 4 9 4 8 4 8 4 8 4 8 4
16 9 16 9 16 9 16 9 16 9 16 9 16 9 16 9 15 9 15 9 15 9 15 9 15 7 14 7 14 7 14 7 14 7 13 7 13 7 13 7 13 7 12 7 12 7 12 7 11 7 11 7 11 7 11 7 10 7 10 7 10 7 10 7 10 7 10 7 10 6 10 6 10 4 10 4 10 4 10 4 10 4 10 4 10 4 9 4 9 4 9 4 8 4 8 4 8 4 8 4
16 9 16 9 16 9 16 9 16 9 16 9 15 9 15 9 15 9 15 9 15 9 14 7 14 7 14 7 14 7 14 7 14 7 13 7 13 7 13 7 12 7 12 7 12 7 12 7 11 7 11 7 11 7 11 7 10 7 10 7 10 7 10 7 10 6 10 6 10 6 10 4 10 4 10 4 10 4 10 4 10 4 10 4 10 4 9 4 9 4 9 4 8 4 8 4 8 4 8 4
16 9 16 9 16 9 16 9 15 9 15 9 15 9 15 9 15 9 14 9 14 9 14 7 14 7 14 7 14 7 14 7 13 7 13 7 13 7 13 7 12 7 12 7 12 7 11 7 11 7 11 7 11 7 11 7 10 7 10 7 10 6 10 6 10 6 10 6 10 6 10 4 10 4 10 4 10 4 10 4 10 4 10 4 10 4 9 4 9 4 9 4 9 4 8 4 8 4 8 4
15 9 15 9 15 9 15 9 15 9 15 9 15 9 14 9 14 9 14 9 14 9 14 7 14 7 14 7 14 7 13 7 13 7 13 7 13 7 13 7 12 7 12 7 12 7 11 7 11 7 11 7 11 7 11 7 10 6 10 6 10 6 10 6 10 6 10 6 10 6 10 4 10 4 10 4 10 4 10 4 10 4 10 4 10 4 10 4 9 4 9 4 9 4 8 4 8 4 8 4
15 9 15 9 15 9 15 9 15 9 14 9 14 9 14 9 14 9 14 9 14 9 14 7 13 7 13 7 13 7 13 7 13 7 13 7 13 7 12 7 12 7 12 7 12 7 11 7 11 7 11 7 11 6 11 6 10 6 10 6 10 6 10 6 10 6 10 6 10 6 10 4 10 4 10 4 10 4 10 4 10 4 10 4 10 4 10 4 9 4 9 4 9 4 9 4 8 4 8 4
14 9 14 9 14 9 14 9 14 9 14 9 14 9 14 9 14 9 13 9 13 9 13 7 13 7 13 7 13 7 13 7 13 7 13 7 13 7 12 7 12 7 12 7 12 7 12 7 11 6 11 6 11 6 11 6 11 6 10 6 10 6 10 6 10 6 10 6 10 6 10 4 10 4 10 4 10 4 10 4 10 4 10 4 10 4 10 4 9 4 9 4 9 4 9 4 9 4 8 4
14 9 14 9 14 9 14 9 14 9 14 9 14 9 13 9 13 9 13 9 13 9 13 7 13 7 13 7 13 7 13 7 13 7 13 7 13 7 12 7 12 7 12 7 12 6 12 6 11 6 11 6 11 6 11 6 11 6 10 6 10 6 10 6 10 6 10 6 10 6 10 4 10 4 10 4 10 4 10 4 10 4 10 4 10 4 10 4 10 4 9 4 9 4 9 4 9 4 9 4
14 9 14 9 14 9 14 9 13 9 13 9 13 9 13 9 13 9 13 9 13 9 13 7 13 7 13 7 13 7 13 7 13 7 13 7 12 7 12 7 12 6 12 6 12 6 12 6 12 6 11 6 11 6 11 6 11 6 11 6 10 6 10 6 10 6 10 6 10 6 10 4 10 4 10 4 10 4 10 4 10 4 10 4 10 4 10 4 10 4 10 4 10 4 9 4 9 4 9 4
13 9 13 9 13 9 13 9 13 9 13 9 13 9 13 9 13 9 13 9 13 9 13 7 13 7 13 7 12 7 12 7 12 7 12 7 12 6 12 6 12 6 12 6 12 6 12 6 12 6 12 6 11 6 11 6 11 6 11 6 10 6 10 6 10 6 10 6 10 6 10 4 10 4 10 4 10 4 10 4 10 4 10 4 10 4 10 4 10 4 10 4 10 4 10 4 10 4 9 4
13 9 13 9 13 9 13 9 13 9 13 9 13 9 13 9 13 9 12 9 12 9 12 7 12 7 12 7 12 7 12 7 12 6 12 6 12 6 12 6 12 6 12 6 12 6 12 6 12 6 12 6 12 6 11 6 11 6 11 6 11 6 10 6 10 6 10 6 10 6 10 4 10 4 10 4 10 4 10 4 10 4 10 4 10 4 10 4 10 4 10 4 10 4 10 4 10 4 10 4
13 9 13 9 13 9 13 9 13 9 13 9 13 9 12 9 12 9 12 9 12 7 12 7 12 7 12 7 12 6 12 6 12 6 12 6 12 6 12 6 12 6 12 6 12 6 12 6 12 6 12 6 12 6 11 6 11 6 11 6 11 6 10 6 10 6 10 6 10 6 10 4 10 4 9 4 9 4 9 4 10 4 10 4 10 4 10 4 10 4 10 4 10 4 10 4 10 4 10 4
13 9 13 9 13 9 13 9 13 9 13 9 12 9 12 9 12 9 12 9 12 7 12 7 12 6 12 6 12 6 12 6 12 6 12 6 12 6 12 6 12 6 12 6 12 6 12 6 12 6 12 6 12 6 11 6 11 6 11 6 11 6 10 6 10 6 10 6 10 4 10 4 9 4 9 4 9 4 9 4 10 4 10 4 10 4 10 4 10 4 10 4 10 4 10 4 10 4 10 4
13 9 13 9 13 9 13 9 12 9 12 9 12 9 12 9 12 9 12 9 12 6 12 6 12 6 12 6 12 6 12 6 12 6 12 6 12 6 12 6 12 6 12 6 12 6 12 6 12 6 12 6 12 6 12 6 11 6 11 6 11 6 10 6 10 6 10 6 10 4 10 4 9 4 9 4 9 4 9 4 10 4 10 4 10 4 10 4 10 4 10 4 10 4 10 4 10 4 10 4
